canal21: résultats
fichier  
abcisse =     0.0 m
cote =   874.3 m
nombre de pas = 500
débit =    67.0 m3/s
choixtopo = amont
aval =   nodef  m
amont =  2.3300
départs éventuels de branches torrentielles : 1
nø 1 section 0 X=    0.000 Hs=  877.851
----------------------
Descriptif de la ligne d'eau
no , Elem,   x ,  Zf   ,   Y   ,  V    ,   J   , H    ,   Hs  ,  F    , reg,  Pm   ,   S   ,  Lm   ,   I   ,  dy/dx,  Yc   ,   I-J   , HsC   ,    Z  ,  co
   ,     ,   m ,   m   ,   m   ,  m/s  ,  m/m  , m    ,   m   ,       ,    ,  m    ,  m2   ,   m   ,   m/m ,   m/m ,  m    ,    m/m  ,   m   ,    m  ,  Pa
  0  1     0.00 874.350   2.330   4.793  0.0028 877.851   3.501   1.002 tor   10.660  13.980   6.000   0.064 -12.457   2.334     0.061   3.501 876.680  36.343
 20  1     4.00 874.096   1.822   6.129  0.0056 877.833   3.737   1.450 tor    9.644  10.932   6.000   0.064  -0.053   2.334     0.058   3.501 875.918  62.397
 40  1     8.00 873.842   1.661   6.723  0.0073 877.807   3.965   1.665 tor    9.322   9.966   6.000   0.064  -0.032   2.334     0.056   3.501 875.503  76.557
 60  1    12.00 873.588   1.554   7.187  0.0088 877.774   4.186   1.841 tor    9.108   9.323   6.000   0.064  -0.023   2.334     0.055   3.501 875.142  88.764
 80  1    16.00 873.334   1.473   7.581  0.0103 877.736   4.402   1.994 tor    8.946   8.838   6.000   0.064  -0.018   2.334     0.053   3.501 874.807  99.932
 100  1    20.00 873.080   1.409   7.928  0.0117 877.692   4.612   2.133 tor    8.817   8.451   6.000   0.064  -0.015   2.334     0.052   3.501 874.489 110.402
 120  1    24.00 872.826   1.355   8.240  0.0131 877.642   4.816   2.260 tor    8.710   8.131   6.000   0.064  -0.012   2.334     0.050   3.501 874.181 120.340
 140  1    28.00 872.572   1.310   8.526  0.0145 877.587   5.015   2.379 tor    8.619   7.858   6.000   0.064  -0.011   2.334     0.049   3.501 873.882 129.844
 160  1    32.00 872.318   1.270   8.789  0.0159 877.526   5.208   2.490 tor    8.541   7.623   6.000   0.064  -0.009   2.334     0.048   3.501 873.588 138.972
 180  1    36.00 872.064   1.236   9.034  0.0172 877.460   5.396   2.594 tor    8.472   7.416   6.000   0.064  -0.008   2.334     0.046   3.501 873.300 147.766
 200  1    40.00 871.810   1.206   9.263  0.0185 877.388   5.578   2.693 tor    8.411   7.233   6.000   0.064  -0.007   2.334     0.045   3.501 873.016 156.255
 220  1    44.00 871.556   1.178   9.477  0.0198 877.312   5.756   2.787 tor    8.357   7.070   6.000   0.064  -0.006   2.334     0.044   3.501 872.734 164.459
 240  1    48.00 871.302   1.154   9.678  0.0211 877.230   5.928   2.877 tor    8.308   6.923   6.000   0.064  -0.006   2.334     0.042   3.501 872.456 172.396
 260  1    52.00 871.048   1.132   9.868  0.0223 877.143   6.095   2.962 tor    8.263   6.789   6.000   0.064  -0.005   2.334     0.041   3.501 872.180 180.077
 280  1    56.00 870.794   1.111  10.048  0.0236 877.051   6.257   3.043 tor    8.223   6.668   6.000   0.064  -0.005   2.334     0.040   3.501 871.905 187.514
 300  1    60.00 870.540   1.093  10.218  0.0248 876.954   6.414   3.121 tor    8.186   6.557   6.000   0.064  -0.004   2.334     0.039   3.501 871.633 194.716
 320  1    64.00 870.286   1.076  10.380  0.0260 876.853   6.567   3.195 tor    8.152   6.455   6.000   0.064  -0.004   2.334     0.038   3.501 871.362 201.691
 340  1    68.00 870.032   1.060  10.533  0.0271 876.747   6.715   3.266 tor    8.120   6.361   6.000   0.064  -0.004   2.334     0.036   3.501 871.092 208.446
 360  1    72.00 869.778   1.046  10.679  0.0283 876.636   6.858   3.334 tor    8.091   6.274   6.000   0.064  -0.003   2.334     0.035   3.501 870.824 214.987
 380  1    76.00 869.524   1.032  10.818  0.0294 876.521   6.997   3.399 tor    8.065   6.194   6.000   0.064  -0.003   2.334     0.034   3.501 870.556 221.321
 400  1    80.00 869.270   1.020  10.950  0.0305 876.401   7.131   3.462 tor    8.040   6.119   6.000   0.064  -0.003   2.334     0.033   3.501 870.290 227.454
 420  1    84.00 869.016   1.008  11.076  0.0315 876.277   7.261   3.522 tor    8.016   6.049   6.000   0.064  -0.003   2.334     0.032   3.501 870.024 233.389
 440  1    88.00 868.762   0.997  11.197  0.0326 876.149   7.387   3.580 tor    7.995   5.984   6.000   0.064  -0.003   2.334     0.031   3.501 869.759 239.135
 460  1    92.00 868.508   0.987  11.311  0.0336 876.017   7.509   3.635 tor    7.974   5.923   6.000   0.064  -0.002   2.334     0.030   3.501 869.495 244.693
 480  1    96.00 868.254   0.978  11.421  0.0346 875.880   7.626   3.688 tor    7.955   5.866   6.000   0.064  -0.002   2.334     0.029   3.501 869.232 250.071
 500  1   100.00 868.000   0.969  11.526  0.0355 875.740   7.740   3.739 tor    7.938   5.813   6.000   0.064  -0.002   2.334     0.028   3.501 868.969 255.272
 39 lignes
