dessin 0 fenetre
nbpoint 67 points
0 0.000 0.000 = 0 0 ; 15 0
1 0.000 950.000 = 0 950 ; 15 1
2 950.000 950.000 = 950 950 ; 15 1
3 950.000 0.000 = 950 0 ; 15 1
4 0.000 0.000 = 0 0 ; 15 1
5 -3.080 -0.021 = 0 950 ; 10 0
6 -3.080 0.127 = 0 0 ; 10 1
7 3.080 0.127 = 950 0 ; 10 1
8 3.080 -0.021 = 950 950 ; 10 1
9 -3.080 -0.021 = 0 950 ; 10 1
10 -3.080 -0.021 = 0 950 ; 10 0
11 -3.080 0.127 = 0 0 ; 10 1
12 3.080 0.127 = 950 0 ; 10 1
13 3.080 -0.021 = 950 950 ; 10 1
14 -3.080 -0.021 = 0 950 ; 10 1
15 -1.925 -0.005 = 178 848 ; 9 0
16 1.925 -0.005 = 772 848 ; 9 1
17 -1.000 -0.006 = 321 850 ; 9 0
18 -1.000 -0.005 = 321 846 ; 9 1
19 0.000 -0.006 = 475 850 ; 9 0
20 0.000 -0.005 = 475 846 ; 9 1
21 1.000 -0.006 = 629 850 ; 9 0
22 1.000 -0.005 = 629 846 ; 9 1
23 -2.310 0.000 = 119 814 ; 9 0
24 -2.310 0.106 = 119 136 ; 9 1
25 -2.297 0.000 = 121 814 ; 9 0
26 -2.323 0.000 = 117 814 ; 9 1
27 -2.297 0.050 = 121 494 ; 9 0
28 -2.323 0.050 = 117 494 ; 9 1
29 -2.297 0.100 = 121 173 ; 9 0
30 -2.323 0.100 = 117 173 ; 9 1
31 1.750 0.106 = 745 136 ; 1 0
32 1.750 0.095 = 745 204 ; 1 10
33 1.750 0.085 = 745 271 ; 1 10
34 1.750 0.074 = 745 339 ; 1 10
35 1.750 0.064 = 745 407 ; 1 10
36 1.750 0.053 = 745 475 ; 1 10
37 1.750 0.042 = 745 543 ; 1 10
38 1.750 0.032 = 745 611 ; 1 10
39 1.750 0.021 = 745 679 ; 1 10
40 1.750 0.011 = 745 746 ; 1 10
41 1.750 0.000 = 745 814 ; 1 10
42 -1.750 0.000 = 205 814 ; 1 10
43 -1.750 0.011 = 205 746 ; 1 10
44 -1.750 0.021 = 205 679 ; 1 10
45 -1.750 0.032 = 205 611 ; 1 10
46 -1.750 0.042 = 205 543 ; 1 10
47 -1.750 0.053 = 205 475 ; 1 10
48 -1.750 0.064 = 205 407 ; 1 10
49 -1.750 0.074 = 205 339 ; 1 10
50 -1.750 0.085 = 205 271 ; 1 10
51 -1.750 0.095 = 205 204 ; 1 10
52 -1.750 0.106 = 205 136 ; 1 10
53 -1.750 0.074 = 205 340 ; 3 0
54 2.398 0.074 = 845 340 ; 3 2
55 -1.750 0.051 = 205 488 ; 3 0
56 2.139 0.051 = 805 488 ; 3 3
57 -1.750 0.076 = 205 328 ; 3 0
58 2.269 0.076 = 825 328 ; 3 3
59 -1.750 0.096 = 205 197 ; 2 0
60 1.880 0.096 = 765 197 ; 2 1
61 -1.750 0.062 = 205 419 ; 4 0
62 2.009 0.062 = 785 419 ; 4 3
63 -1.750 0.051 = 205 488 ; 4 0
64 1.880 0.051 = 765 488 ; 4 2
65 -1.750 0.051 = 205 488 ; 3 0
66 1.750 0.051 = 745 488 ; 3 10
nbtext 15 texte
0 -1.000 -0.005 = 321 848 ; 9 1 -1
1 0.000 -0.005 = 475 848 ; 9 1 0
2 1.000 -0.005 = 629 848 ; 9 1 1
3 -2.310 0.000 = 119 814 ; 9 2 0
4 -2.310 0.050 = 119 494 ; 9 2 0.05
5 -2.310 0.100 = 119 173 ; 9 2 0.1
6 125.000 920.000 = 125 920 ; 7 0 écoulement uniforme Pente forte, Unif. torrentiel
7 125.000 20.000 = 125 20 ; 7 0 Débit = 0.2 m3/s Pente = 0.01 m Y = 0.051 m
8 2.398 0.074 = 845 340 ; 3 8 Yconj
9 2.139 0.051 = 805 488 ; 3 8 Yt
10 2.269 0.076 = 825 328 ; 3 8 Yf
11 1.880 0.096 = 765 197 ; 2 8 Hs
12 2.009 0.062 = 785 419 ; 4 12 Yc
13 1.880 0.051 = 765 488 ; 4 12 Yn
14 1.750 0.051 = 745 488 ; 3 8 Y
dessin 0 fin fenetre
